
 *******************************************************************************

EXEMPLO 3D DINAMICO SOLO (1600 BE e 5 EE)                                  


DADOS

  NÚMERO DE ELEMENTOS DA MALHA= 1605
  NÚMERO DE ELEMENTOS DE CONTORNO= 1600
  NÚMERO DE PONTOS EXTREMOS DOS ELEMENTOS= 1685
  NÚMERO DE PONTOS INTERNOS=  76
  NÚMERO DE PONTOS DE GAUSS=   8
  NÚMERO DE FREQÜÊNCIAS=   1
  MÓDULO DE CISALHAMENTO (REAL)=  0.1000000D+01
  COEFICIENTE DE POISSON=  0.3000000D+00
  COEFICIENTE DE AMORTECIMENTO=  0.0000000D+00
  DENSIDADE DE MASSA=  0.1000000D+01


DADOS DERIVADOS

  MÓDULO DE CISALHAMENTO (COMPLEXO)=  0.1000000D+01 0.0000000D+00
  VELOCIDADE DA ONDA-S (COMPLEXO)=  0.1000000D+01 0.0000000D+00
  VELOCIDADE DA ONDA-P (COMPLEXO)=  0.1870829D+01 0.0000000D+00

  FREQUENCIAS

   0.1000000D+01


  COORDENADAS DOS PONTOS EXTREMOS DOS ELEMENTOS DA MALHA

    PONTO          X                  Y                  Z
       1     -0.1000000D+02     -0.1000000D+02      0.0000000D+00
       2     -0.1000000D+02      0.1000000D+02      0.0000000D+00
       3     -0.1000000D+02     -0.9500000D+01      0.0000000D+00
       4     -0.1000000D+02     -0.9000000D+01      0.0000000D+00
       5     -0.1000000D+02     -0.8500000D+01      0.0000000D+00
       6     -0.1000000D+02     -0.8000000D+01      0.0000000D+00
       7     -0.1000000D+02     -0.7500000D+01      0.0000000D+00
       8     -0.1000000D+02     -0.7000000D+01      0.0000000D+00
       9     -0.1000000D+02     -0.6500000D+01      0.0000000D+00
      10     -0.1000000D+02     -0.6000000D+01      0.0000000D+00
      11     -0.1000000D+02     -0.5500000D+01      0.0000000D+00
      12     -0.1000000D+02     -0.5000000D+01      0.0000000D+00
      13     -0.1000000D+02     -0.4500000D+01      0.0000000D+00
      14     -0.1000000D+02     -0.4000000D+01      0.0000000D+00
      15     -0.1000000D+02     -0.3500000D+01      0.0000000D+00
      16     -0.1000000D+02     -0.3000000D+01      0.0000000D+00
      17     -0.1000000D+02     -0.2500000D+01      0.0000000D+00
      18     -0.1000000D+02     -0.2000000D+01      0.0000000D+00
      19     -0.1000000D+02     -0.1500000D+01      0.0000000D+00
      20     -0.1000000D+02     -0.1000000D+01      0.0000000D+00
      21     -0.1000000D+02     -0.5000000D+00      0.0000000D+00
      22     -0.1000000D+02      0.1776400D-14      0.0000000D+00
      23     -0.1000000D+02      0.5000000D+00      0.0000000D+00
      24     -0.1000000D+02      0.1000000D+01      0.0000000D+00
      25     -0.1000000D+02      0.1500000D+01      0.0000000D+00
      26     -0.1000000D+02      0.2000000D+01      0.0000000D+00
      27     -0.1000000D+02      0.2500000D+01      0.0000000D+00
      28     -0.1000000D+02      0.3000000D+01      0.0000000D+00
      29     -0.1000000D+02      0.3500000D+01      0.0000000D+00
      30     -0.1000000D+02      0.4000000D+01      0.0000000D+00
      31     -0.1000000D+02      0.4500000D+01      0.0000000D+00
      32     -0.1000000D+02      0.5000000D+01      0.0000000D+00
      33     -0.1000000D+02      0.5500000D+01      0.0000000D+00
      34     -0.1000000D+02      0.6000000D+01      0.0000000D+00
      35     -0.1000000D+02      0.6500000D+01      0.0000000D+00
      36     -0.1000000D+02      0.7000000D+01      0.0000000D+00
      37     -0.1000000D+02      0.7500000D+01      0.0000000D+00
      38     -0.1000000D+02      0.8000000D+01      0.0000000D+00
      39     -0.1000000D+02      0.8500000D+01      0.0000000D+00
      40     -0.1000000D+02      0.9000000D+01      0.0000000D+00
      41     -0.1000000D+02      0.9500000D+01      0.0000000D+00
      42      0.1000000D+02      0.1000000D+02      0.0000000D+00
      43     -0.9500000D+01      0.1000000D+02      0.0000000D+00
      44     -0.9000000D+01      0.1000000D+02      0.0000000D+00
      45     -0.8500000D+01      0.1000000D+02      0.0000000D+00
      46     -0.8000000D+01      0.1000000D+02      0.0000000D+00
      47     -0.7500000D+01      0.1000000D+02      0.0000000D+00
      48     -0.7000000D+01      0.1000000D+02      0.0000000D+00
      49     -0.6500000D+01      0.1000000D+02      0.0000000D+00
      50     -0.6000000D+01      0.1000000D+02      0.0000000D+00
      51     -0.5500000D+01      0.1000000D+02      0.0000000D+00
      52     -0.5000000D+01      0.1000000D+02      0.0000000D+00
      53     -0.4500000D+01      0.1000000D+02      0.0000000D+00
      54     -0.4000000D+01      0.1000000D+02      0.0000000D+00
      55     -0.3500000D+01      0.1000000D+02      0.0000000D+00
      56     -0.3000000D+01      0.1000000D+02      0.0000000D+00
      57     -0.2500000D+01      0.1000000D+02      0.0000000D+00
      58     -0.2000000D+01      0.1000000D+02      0.0000000D+00
      59     -0.1500000D+01      0.1000000D+02      0.0000000D+00
      60     -0.1000000D+01      0.1000000D+02      0.0000000D+00
      61     -0.5000000D+00      0.1000000D+02      0.0000000D+00
      62      0.1776400D-14      0.1000000D+02      0.0000000D+00
      63      0.5000000D+00      0.1000000D+02      0.0000000D+00
      64      0.1000000D+01      0.1000000D+02      0.0000000D+00
      65      0.1500000D+01      0.1000000D+02      0.0000000D+00
      66      0.2000000D+01      0.1000000D+02      0.0000000D+00
      67      0.2500000D+01      0.1000000D+02      0.0000000D+00
      68      0.3000000D+01      0.1000000D+02      0.0000000D+00
      69      0.3500000D+01      0.1000000D+02      0.0000000D+00
      70      0.4000000D+01      0.1000000D+02      0.0000000D+00
      71      0.4500000D+01      0.1000000D+02      0.0000000D+00
      72      0.5000000D+01      0.1000000D+02      0.0000000D+00
      73      0.5500000D+01      0.1000000D+02      0.0000000D+00
      74      0.6000000D+01      0.1000000D+02      0.0000000D+00
      75      0.6500000D+01      0.1000000D+02      0.0000000D+00
      76      0.7000000D+01      0.1000000D+02      0.0000000D+00
      77      0.7500000D+01      0.1000000D+02      0.0000000D+00
      78      0.8000000D+01      0.1000000D+02      0.0000000D+00
      79      0.8500000D+01      0.1000000D+02      0.0000000D+00
      80      0.9000000D+01      0.1000000D+02      0.0000000D+00
      81      0.9500000D+01      0.1000000D+02      0.0000000D+00
      82      0.1000000D+02     -0.1000000D+02      0.0000000D+00
      83      0.1000000D+02      0.9500000D+01      0.0000000D+00
      84      0.1000000D+02      0.9000000D+01      0.0000000D+00
      85      0.1000000D+02      0.8500000D+01      0.0000000D+00
      86      0.1000000D+02      0.8000000D+01      0.0000000D+00
      87      0.1000000D+02      0.7500000D+01      0.0000000D+00
      88      0.1000000D+02      0.7000000D+01      0.0000000D+00
      89      0.1000000D+02      0.6500000D+01      0.0000000D+00
      90      0.1000000D+02      0.6000000D+01      0.0000000D+00
      91      0.1000000D+02      0.5500000D+01      0.0000000D+00
      92      0.1000000D+02      0.5000000D+01      0.0000000D+00
      93      0.1000000D+02      0.4500000D+01      0.0000000D+00
      94      0.1000000D+02      0.4000000D+01      0.0000000D+00
      95      0.1000000D+02      0.3500000D+01      0.0000000D+00
      96      0.1000000D+02      0.3000000D+01      0.0000000D+00
      97      0.1000000D+02      0.2500000D+01      0.0000000D+00
      98      0.1000000D+02      0.2000000D+01      0.0000000D+00
      99      0.1000000D+02      0.1500000D+01      0.0000000D+00
     100      0.1000000D+02      0.1000000D+01      0.0000000D+00
     101      0.1000000D+02      0.5000000D+00      0.0000000D+00
     102      0.1000000D+02     -0.1776400D-14      0.0000000D+00
     103      0.1000000D+02     -0.5000000D+00      0.0000000D+00
     104      0.1000000D+02     -0.1000000D+01      0.0000000D+00
     105      0.1000000D+02     -0.1500000D+01      0.0000000D+00
     106      0.1000000D+02     -0.2000000D+01      0.0000000D+00
     107      0.1000000D+02     -0.2500000D+01      0.0000000D+00
     108      0.1000000D+02     -0.3000000D+01      0.0000000D+00
     109      0.1000000D+02     -0.3500000D+01      0.0000000D+00
     110      0.1000000D+02     -0.4000000D+01      0.0000000D+00
     111      0.1000000D+02     -0.4500000D+01      0.0000000D+00
     112      0.1000000D+02     -0.5000000D+01      0.0000000D+00
     113      0.1000000D+02     -0.5500000D+01      0.0000000D+00
     114      0.1000000D+02     -0.6000000D+01      0.0000000D+00
     115      0.1000000D+02     -0.6500000D+01      0.0000000D+00
     116      0.1000000D+02     -0.7000000D+01      0.0000000D+00
     117      0.1000000D+02     -0.7500000D+01      0.0000000D+00
     118      0.1000000D+02     -0.8000000D+01      0.0000000D+00
     119      0.1000000D+02     -0.8500000D+01      0.0000000D+00
     120      0.1000000D+02     -0.9000000D+01      0.0000000D+00
     121      0.1000000D+02     -0.9500000D+01      0.0000000D+00
     122      0.9500000D+01     -0.1000000D+02      0.0000000D+00
     123      0.9000000D+01     -0.1000000D+02      0.0000000D+00
     124      0.8500000D+01     -0.1000000D+02      0.0000000D+00
     125      0.8000000D+01     -0.1000000D+02      0.0000000D+00
     126      0.7500000D+01     -0.1000000D+02      0.0000000D+00
     127      0.7000000D+01     -0.1000000D+02      0.0000000D+00
     128      0.6500000D+01     -0.1000000D+02      0.0000000D+00
     129      0.6000000D+01     -0.1000000D+02      0.0000000D+00
     130      0.5500000D+01     -0.1000000D+02      0.0000000D+00
     131      0.5000000D+01     -0.1000000D+02      0.0000000D+00
     132      0.4500000D+01     -0.1000000D+02      0.0000000D+00
     133      0.4000000D+01     -0.1000000D+02      0.0000000D+00
     134      0.3500000D+01     -0.1000000D+02      0.0000000D+00
     135      0.3000000D+01     -0.1000000D+02      0.0000000D+00
     136      0.2500000D+01     -0.1000000D+02      0.0000000D+00
     137      0.2000000D+01     -0.1000000D+02      0.0000000D+00
     138      0.1500000D+01     -0.1000000D+02      0.0000000D+00
     139      0.1000000D+01     -0.1000000D+02      0.0000000D+00
     140      0.5000000D+00     -0.1000000D+02      0.0000000D+00
     141     -0.1776400D-14     -0.1000000D+02      0.0000000D+00
     142     -0.5000000D+00     -0.1000000D+02      0.0000000D+00
     143     -0.1000000D+01     -0.1000000D+02      0.0000000D+00
     144     -0.1500000D+01     -0.1000000D+02      0.0000000D+00
     145     -0.2000000D+01     -0.1000000D+02      0.0000000D+00
     146     -0.2500000D+01     -0.1000000D+02      0.0000000D+00
     147     -0.3000000D+01     -0.1000000D+02      0.0000000D+00
     148     -0.3500000D+01     -0.1000000D+02      0.0000000D+00
     149     -0.4000000D+01     -0.1000000D+02      0.0000000D+00
     150     -0.4500000D+01     -0.1000000D+02      0.0000000D+00
     151     -0.5000000D+01     -0.1000000D+02      0.0000000D+00
     152     -0.5500000D+01     -0.1000000D+02      0.0000000D+00
     153     -0.6000000D+01     -0.1000000D+02      0.0000000D+00
     154     -0.6500000D+01     -0.1000000D+02      0.0000000D+00
     155     -0.7000000D+01     -0.1000000D+02      0.0000000D+00
     156     -0.7500000D+01     -0.1000000D+02      0.0000000D+00
     157     -0.8000000D+01     -0.1000000D+02      0.0000000D+00
     158     -0.8500000D+01     -0.1000000D+02      0.0000000D+00
     159     -0.9000000D+01     -0.1000000D+02      0.0000000D+00
     160     -0.9500000D+01     -0.1000000D+02      0.0000000D+00
     161     -0.9500000D+01     -0.9500000D+01      0.0000000D+00
     162     -0.9000000D+01     -0.9500000D+01      0.0000000D+00
     163     -0.8500000D+01     -0.9500000D+01      0.0000000D+00
     164     -0.8000000D+01     -0.9500000D+01      0.0000000D+00
     165     -0.7500000D+01     -0.9500000D+01      0.0000000D+00
     166     -0.7000000D+01     -0.9500000D+01      0.0000000D+00
     167     -0.6500000D+01     -0.9500000D+01      0.0000000D+00
     168     -0.6000000D+01     -0.9500000D+01      0.0000000D+00
     169     -0.5500000D+01     -0.9500000D+01      0.0000000D+00
     170     -0.5000000D+01     -0.9500000D+01      0.0000000D+00
     171     -0.4500000D+01     -0.9500000D+01      0.0000000D+00
     172     -0.4000000D+01     -0.9500000D+01      0.0000000D+00
     173     -0.3500000D+01     -0.9500000D+01      0.0000000D+00
     174     -0.3000000D+01     -0.9500000D+01      0.0000000D+00
     175     -0.2500000D+01     -0.9500000D+01      0.0000000D+00
     176     -0.2000000D+01     -0.9500000D+01      0.0000000D+00
     177     -0.1500000D+01     -0.9500000D+01      0.0000000D+00
     178     -0.1000000D+01     -0.9500000D+01      0.0000000D+00
     179     -0.5000000D+00     -0.9500000D+01      0.0000000D+00
     180     -0.2192700D-14     -0.9500000D+01      0.0000000D+00
     181      0.5000000D+00     -0.9500000D+01      0.0000000D+00
     182      0.1000000D+01     -0.9500000D+01      0.0000000D+00
     183      0.1500000D+01     -0.9500000D+01      0.0000000D+00
     184      0.2000000D+01     -0.9500000D+01      0.0000000D+00
     185      0.2500000D+01     -0.9500000D+01      0.0000000D+00
     186      0.3000000D+01     -0.9500000D+01      0.0000000D+00
     187      0.3500000D+01     -0.9500000D+01      0.0000000D+00
     188      0.4000000D+01     -0.9500000D+01      0.0000000D+00
     189      0.4500000D+01     -0.9500000D+01      0.0000000D+00
     190      0.5000000D+01     -0.9500000D+01      0.0000000D+00
     191      0.5500000D+01     -0.9500000D+01      0.0000000D+00
     192      0.6000000D+01     -0.9500000D+01      0.0000000D+00
     193      0.6500000D+01     -0.9500000D+01      0.0000000D+00
     194      0.7000000D+01     -0.9500000D+01      0.0000000D+00
     195      0.7500000D+01     -0.9500000D+01      0.0000000D+00
     196      0.8000000D+01     -0.9500000D+01      0.0000000D+00
     197      0.8500000D+01     -0.9500000D+01      0.0000000D+00
     198      0.9000000D+01     -0.9500000D+01      0.0000000D+00
     199      0.9500000D+01     -0.9500000D+01      0.0000000D+00
     200     -0.9500000D+01     -0.9000000D+01      0.0000000D+00
     201     -0.9000000D+01     -0.9000000D+01      0.0000000D+00
     202     -0.8500000D+01     -0.9000000D+01      0.0000000D+00
     203     -0.8000000D+01     -0.9000000D+01      0.0000000D+00
     204     -0.7500000D+01     -0.9000000D+01      0.0000000D+00
     205     -0.7000000D+01     -0.9000000D+01      0.0000000D+00
     206     -0.6500000D+01     -0.9000000D+01      0.0000000D+00
     207     -0.6000000D+01     -0.9000000D+01      0.0000000D+00
     208     -0.5500000D+01     -0.9000000D+01      0.0000000D+00
     209     -0.5000000D+01     -0.9000000D+01      0.0000000D+00
     210     -0.4500000D+01     -0.9000000D+01      0.0000000D+00
     211     -0.4000000D+01     -0.9000000D+01      0.0000000D+00
     212     -0.3500000D+01     -0.9000000D+01      0.0000000D+00
     213     -0.3000000D+01     -0.9000000D+01      0.0000000D+00
     214     -0.2500000D+01     -0.9000000D+01      0.0000000D+00
     215     -0.2000000D+01     -0.9000000D+01      0.0000000D+00
     216     -0.1500000D+01     -0.9000000D+01      0.0000000D+00
     217     -0.1000000D+01     -0.9000000D+01      0.0000000D+00
     218     -0.5000000D+00     -0.9000000D+01      0.0000000D+00
     219     -0.1276800D-14     -0.9000000D+01      0.0000000D+00
     220      0.5000000D+00     -0.9000000D+01      0.0000000D+00
     221      0.1000000D+01     -0.9000000D+01      0.0000000D+00
     222      0.1500000D+01     -0.9000000D+01      0.0000000D+00
     223      0.2000000D+01     -0.9000000D+01      0.0000000D+00
     224      0.2500000D+01     -0.9000000D+01      0.0000000D+00
     225      0.3000000D+01     -0.9000000D+01      0.0000000D+00
     226      0.3500000D+01     -0.9000000D+01      0.0000000D+00
     227      0.4000000D+01     -0.9000000D+01      0.0000000D+00
     228      0.4500000D+01     -0.9000000D+01      0.0000000D+00
     229      0.5000000D+01     -0.9000000D+01      0.0000000D+00
     230      0.5500000D+01     -0.9000000D+01      0.0000000D+00
     231      0.6000000D+01     -0.9000000D+01      0.0000000D+00
     232      0.6500000D+01     -0.9000000D+01      0.0000000D+00
     233      0.7000000D+01     -0.9000000D+01      0.0000000D+00
     234      0.7500000D+01     -0.9000000D+01      0.0000000D+00
     235      0.8000000D+01     -0.9000000D+01      0.0000000D+00
     236      0.8500000D+01     -0.9000000D+01      0.0000000D+00
     237      0.9000000D+01     -0.9000000D+01      0.0000000D+00
     238      0.9500000D+01     -0.9000000D+01      0.0000000D+00
     239     -0.9500000D+01     -0.8500000D+01      0.0000000D+00
     240     -0.9000000D+01     -0.8500000D+01      0.0000000D+00
     241     -0.8500000D+01     -0.8500000D+01      0.0000000D+00
     242     -0.8000000D+01     -0.8500000D+01      0.0000000D+00
     243     -0.7500000D+01     -0.8500000D+01      0.0000000D+00
     244     -0.7000000D+01     -0.8500000D+01      0.0000000D+00
     245     -0.6500000D+01     -0.8500000D+01      0.0000000D+00
     246     -0.6000000D+01     -0.8500000D+01      0.0000000D+00
     247     -0.5500000D+01     -0.8500000D+01      0.0000000D+00
     248     -0.5000000D+01     -0.8500000D+01      0.0000000D+00
     249     -0.4500000D+01     -0.8500000D+01      0.0000000D+00
     250     -0.4000000D+01     -0.8500000D+01      0.0000000D+00
     251     -0.3500000D+01     -0.8500000D+01      0.0000000D+00
     252     -0.3000000D+01     -0.8500000D+01      0.0000000D+00
     253     -0.2500000D+01     -0.8500000D+01      0.0000000D+00
     254     -0.2000000D+01     -0.8500000D+01      0.0000000D+00
     255     -0.1500000D+01     -0.8500000D+01      0.0000000D+00
     256     -0.1000000D+01     -0.8500000D+01      0.0000000D+00
     257     -0.5000000D+00     -0.8500000D+01      0.0000000D+00
     258     -0.1276800D-14     -0.8500000D+01      0.0000000D+00
     259      0.5000000D+00     -0.8500000D+01      0.0000000D+00
     260      0.1000000D+01     -0.8500000D+01      0.0000000D+00
     261      0.1500000D+01     -0.8500000D+01      0.0000000D+00
     262      0.2000000D+01     -0.8500000D+01      0.0000000D+00
     263      0.2500000D+01     -0.8500000D+01      0.0000000D+00
     264      0.3000000D+01     -0.8500000D+01      0.0000000D+00
     265      0.3500000D+01     -0.8500000D+01      0.0000000D+00
     266      0.4000000D+01     -0.8500000D+01      0.0000000D+00
     267      0.4500000D+01     -0.8500000D+01      0.0000000D+00
     268      0.5000000D+01     -0.8500000D+01      0.0000000D+00
     269      0.5500000D+01     -0.8500000D+01      0.0000000D+00
     270      0.6000000D+01     -0.8500000D+01      0.0000000D+00
     271      0.6500000D+01     -0.8500000D+01      0.0000000D+00
     272      0.7000000D+01     -0.8500000D+01      0.0000000D+00
     273      0.7500000D+01     -0.8500000D+01      0.0000000D+00
     274      0.8000000D+01     -0.8500000D+01      0.0000000D+00
     275      0.8500000D+01     -0.8500000D+01      0.0000000D+00
     276      0.9000000D+01     -0.8500000D+01      0.0000000D+00
     277      0.9500000D+01     -0.8500000D+01      0.0000000D+00
     278     -0.9500000D+01     -0.8000000D+01      0.0000000D+00
     279     -0.9000000D+01     -0.8000000D+01      0.0000000D+00
     280     -0.8500000D+01     -0.8000000D+01      0.0000000D+00
     281     -0.8000000D+01     -0.8000000D+01      0.0000000D+00
     282     -0.7500000D+01     -0.8000000D+01      0.0000000D+00
     283     -0.7000000D+01     -0.8000000D+01      0.0000000D+00
     284     -0.6500000D+01     -0.8000000D+01      0.0000000D+00
     285     -0.6000000D+01     -0.8000000D+01      0.0000000D+00
     286     -0.5500000D+01     -0.8000000D+01      0.0000000D+00
     287     -0.5000000D+01     -0.8000000D+01      0.0000000D+00
     288     -0.4500000D+01     -0.8000000D+01      0.0000000D+00
     289     -0.4000000D+01     -0.8000000D+01      0.0000000D+00
     290     -0.3500000D+01     -0.8000000D+01      0.0000000D+00
     291     -0.3000000D+01     -0.8000000D+01      0.0000000D+00
     292     -0.2500000D+01     -0.8000000D+01      0.0000000D+00
     293     -0.2000000D+01     -0.8000000D+01      0.0000000D+00
     294     -0.1500000D+01     -0.8000000D+01      0.0000000D+00
     295     -0.1000000D+01     -0.8000000D+01      0.0000000D+00
     296     -0.5000000D+00     -0.8000000D+01      0.0000000D+00
     297     -0.1665300D-14     -0.8000000D+01      0.0000000D+00
     298      0.5000000D+00     -0.8000000D+01      0.0000000D+00
     299      0.1000000D+01     -0.8000000D+01      0.0000000D+00
     300      0.1500000D+01     -0.8000000D+01      0.0000000D+00
     301      0.2000000D+01     -0.8000000D+01      0.0000000D+00
     302      0.2500000D+01     -0.8000000D+01      0.0000000D+00
     303      0.3000000D+01     -0.8000000D+01      0.0000000D+00
     304      0.3500000D+01     -0.8000000D+01      0.0000000D+00
     305      0.4000000D+01     -0.8000000D+01      0.0000000D+00
     306      0.4500000D+01     -0.8000000D+01      0.0000000D+00
     307      0.5000000D+01     -0.8000000D+01      0.0000000D+00
     308      0.5500000D+01     -0.8000000D+01      0.0000000D+00
     309      0.6000000D+01     -0.8000000D+01      0.0000000D+00
     310      0.6500000D+01     -0.8000000D+01      0.0000000D+00
     311      0.7000000D+01     -0.8000000D+01      0.0000000D+00
     312      0.7500000D+01     -0.8000000D+01      0.0000000D+00
     313      0.8000000D+01     -0.8000000D+01      0.0000000D+00
     314      0.8500000D+01     -0.8000000D+01      0.0000000D+00
     315      0.9000000D+01     -0.8000000D+01      0.0000000D+00
     316      0.9500000D+01     -0.8000000D+01      0.0000000D+00
     317     -0.9500000D+01     -0.7500000D+01      0.0000000D+00
     318     -0.9000000D+01     -0.7500000D+01      0.0000000D+00
     319     -0.8500000D+01     -0.7500000D+01      0.0000000D+00
     320     -0.8000000D+01     -0.7500000D+01      0.0000000D+00
     321     -0.7500000D+01     -0.7500000D+01      0.0000000D+00
     322     -0.7000000D+01     -0.7500000D+01      0.0000000D+00
     323     -0.6500000D+01     -0.7500000D+01      0.0000000D+00
     324     -0.6000000D+01     -0.7500000D+01      0.0000000D+00
     325     -0.5500000D+01     -0.7500000D+01      0.0000000D+00
     326     -0.5000000D+01     -0.7500000D+01      0.0000000D+00
     327     -0.4500000D+01     -0.7500000D+01      0.0000000D+00
     328     -0.4000000D+01     -0.7500000D+01      0.0000000D+00
     329     -0.3500000D+01     -0.7500000D+01      0.0000000D+00
     330     -0.3000000D+01     -0.7500000D+01      0.0000000D+00
     331     -0.2500000D+01     -0.7500000D+01      0.0000000D+00
     332     -0.2000000D+01     -0.7500000D+01      0.0000000D+00
     333     -0.1500000D+01     -0.7500000D+01      0.0000000D+00
     334     -0.1000000D+01     -0.7500000D+01      0.0000000D+00
     335     -0.5000000D+00     -0.7500000D+01      0.0000000D+00
     336     -0.7771600D-15     -0.7500000D+01      0.0000000D+00
     337      0.5000000D+00     -0.7500000D+01      0.0000000D+00
     338      0.1000000D+01     -0.7500000D+01      0.0000000D+00
     339      0.1500000D+01     -0.7500000D+01      0.0000000D+00
     340      0.2000000D+01     -0.7500000D+01      0.0000000D+00
     341      0.2500000D+01     -0.7500000D+01      0.0000000D+00
     342      0.3000000D+01     -0.7500000D+01      0.0000000D+00
     343      0.3500000D+01     -0.7500000D+01      0.0000000D+00
     344      0.4000000D+01     -0.7500000D+01      0.0000000D+00
     345      0.4500000D+01     -0.7500000D+01      0.0000000D+00
     346      0.5000000D+01     -0.7500000D+01      0.0000000D+00
     347      0.5500000D+01     -0.7500000D+01      0.0000000D+00
     348      0.6000000D+01     -0.7500000D+01      0.0000000D+00
     349      0.6500000D+01     -0.7500000D+01      0.0000000D+00
     350      0.7000000D+01     -0.7500000D+01      0.0000000D+00
     351      0.7500000D+01     -0.7500000D+01      0.0000000D+00
     352      0.8000000D+01     -0.7500000D+01      0.0000000D+00
     353      0.8500000D+01     -0.7500000D+01      0.0000000D+00
     354      0.9000000D+01     -0.7500000D+01      0.0000000D+00
     355      0.9500000D+01     -0.7500000D+01      0.0000000D+00
     356     -0.9500000D+01     -0.7000000D+01      0.0000000D+00
     357     -0.9000000D+01     -0.7000000D+01      0.0000000D+00
     358     -0.8500000D+01     -0.7000000D+01      0.0000000D+00
     359     -0.8000000D+01     -0.7000000D+01      0.0000000D+00
     360     -0.7500000D+01     -0.7000000D+01      0.0000000D+00
     361     -0.7000000D+01     -0.7000000D+01      0.0000000D+00
     362     -0.6500000D+01     -0.7000000D+01      0.0000000D+00
     363     -0.6000000D+01     -0.7000000D+01      0.0000000D+00
     364     -0.5500000D+01     -0.7000000D+01      0.0000000D+00
     365     -0.5000000D+01     -0.7000000D+01      0.0000000D+00
     366     -0.4500000D+01     -0.7000000D+01      0.0000000D+00
     367     -0.4000000D+01     -0.7000000D+01      0.0000000D+00
     368     -0.3500000D+01     -0.7000000D+01      0.0000000D+00
     369     -0.3000000D+01     -0.7000000D+01      0.0000000D+00
     370     -0.2500000D+01     -0.7000000D+01      0.0000000D+00
     371     -0.2000000D+01     -0.7000000D+01      0.0000000D+00
     372     -0.1500000D+01     -0.7000000D+01      0.0000000D+00
     373     -0.1000000D+01     -0.7000000D+01      0.0000000D+00
     374     -0.5000000D+00     -0.7000000D+01      0.0000000D+00
     375     -0.1554300D-14     -0.7000000D+01      0.0000000D+00
     376      0.5000000D+00     -0.7000000D+01      0.0000000D+00
     377      0.1000000D+01     -0.7000000D+01      0.0000000D+00
     378      0.1500000D+01     -0.7000000D+01      0.0000000D+00
     379      0.2000000D+01     -0.7000000D+01      0.0000000D+00
     380      0.2500000D+01     -0.7000000D+01      0.0000000D+00
     381      0.3000000D+01     -0.7000000D+01      0.0000000D+00
     382      0.3500000D+01     -0.7000000D+01      0.0000000D+00
     383      0.4000000D+01     -0.7000000D+01      0.0000000D+00
     384      0.4500000D+01     -0.7000000D+01      0.0000000D+00
     385      0.5000000D+01     -0.7000000D+01      0.0000000D+00
     386      0.5500000D+01     -0.7000000D+01      0.0000000D+00
     387      0.6000000D+01     -0.7000000D+01      0.0000000D+00
     388      0.6500000D+01     -0.7000000D+01      0.0000000D+00
     389      0.7000000D+01     -0.7000000D+01      0.0000000D+00
     390      0.7500000D+01     -0.7000000D+01      0.0000000D+00
     391      0.8000000D+01     -0.7000000D+01      0.0000000D+00
     392      0.8500000D+01     -0.7000000D+01      0.0000000D+00
     393      0.9000000D+01     -0.7000000D+01      0.0000000D+00
     394      0.9500000D+01     -0.7000000D+01      0.0000000D+00
     395     -0.9500000D+01     -0.6500000D+01      0.0000000D+00
     396     -0.9000000D+01     -0.6500000D+01      0.0000000D+00
     397     -0.8500000D+01     -0.6500000D+01      0.0000000D+00
     398     -0.8000000D+01     -0.6500000D+01      0.0000000D+00
     399     -0.7500000D+01     -0.6500000D+01      0.0000000D+00
     400     -0.7000000D+01     -0.6500000D+01      0.0000000D+00
     401     -0.6500000D+01     -0.6500000D+01      0.0000000D+00
     402     -0.6000000D+01     -0.6500000D+01      0.0000000D+00
     403     -0.5500000D+01     -0.6500000D+01      0.0000000D+00
     404     -0.5000000D+01     -0.6500000D+01      0.0000000D+00
     405     -0.4500000D+01     -0.6500000D+01      0.0000000D+00
     406     -0.4000000D+01     -0.6500000D+01      0.0000000D+00
     407     -0.3500000D+01     -0.6500000D+01      0.0000000D+00
     408     -0.3000000D+01     -0.6500000D+01      0.0000000D+00
     409     -0.2500000D+01     -0.6500000D+01      0.0000000D+00
     410     -0.2000000D+01     -0.6500000D+01      0.0000000D+00
     411     -0.1500000D+01     -0.6500000D+01      0.0000000D+00
     412     -0.1000000D+01     -0.6500000D+01      0.0000000D+00
     413     -0.5000000D+00     -0.6500000D+01      0.0000000D+00
     414     -0.1665300D-14     -0.6500000D+01      0.0000000D+00
     415      0.5000000D+00     -0.6500000D+01      0.0000000D+00
     416      0.1000000D+01     -0.6500000D+01      0.0000000D+00
     417      0.1500000D+01     -0.6500000D+01      0.0000000D+00
     418      0.2000000D+01     -0.6500000D+01      0.0000000D+00
     419      0.2500000D+01     -0.6500000D+01      0.0000000D+00
     420      0.3000000D+01     -0.6500000D+01      0.0000000D+00
     421      0.3500000D+01     -0.6500000D+01      0.0000000D+00
     422      0.4000000D+01     -0.6500000D+01      0.0000000D+00
     423      0.4500000D+01     -0.6500000D+01      0.0000000D+00
     424      0.5000000D+01     -0.6500000D+01      0.0000000D+00
     425      0.5500000D+01     -0.6500000D+01      0.0000000D+00
     426      0.6000000D+01     -0.6500000D+01      0.0000000D+00
     427      0.6500000D+01     -0.6500000D+01      0.0000000D+00
     428      0.7000000D+01     -0.6500000D+01      0.0000000D+00
     429      0.7500000D+01     -0.6500000D+01      0.0000000D+00
     430      0.8000000D+01     -0.6500000D+01      0.0000000D+00
     431      0.8500000D+01     -0.6500000D+01      0.0000000D+00
     432      0.9000000D+01     -0.6500000D+01      0.0000000D+00
     433      0.9500000D+01     -0.6500000D+01      0.0000000D+00
     434     -0.9500000D+01     -0.6000000D+01      0.0000000D+00
     435     -0.9000000D+01     -0.6000000D+01      0.0000000D+00
     436     -0.8500000D+01     -0.6000000D+01      0.0000000D+00
     437     -0.8000000D+01     -0.6000000D+01      0.0000000D+00
     438     -0.7500000D+01     -0.6000000D+01      0.0000000D+00
     439     -0.7000000D+01     -0.6000000D+01      0.0000000D+00
     440     -0.6500000D+01     -0.6000000D+01      0.0000000D+00
     441     -0.6000000D+01     -0.6000000D+01      0.0000000D+00
     442     -0.5500000D+01     -0.6000000D+01      0.0000000D+00
     443     -0.5000000D+01     -0.6000000D+01      0.0000000D+00
     444     -0.4500000D+01     -0.6000000D+01      0.0000000D+00
     445     -0.4000000D+01     -0.6000000D+01      0.0000000D+00
     446     -0.3500000D+01     -0.6000000D+01      0.0000000D+00
     447     -0.3000000D+01     -0.6000000D+01      0.0000000D+00
     448     -0.2500000D+01     -0.6000000D+01      0.0000000D+00
     449     -0.2000000D+01     -0.6000000D+01      0.0000000D+00
     450     -0.1500000D+01     -0.6000000D+01      0.0000000D+00
     451     -0.1000000D+01     -0.6000000D+01      0.0000000D+00
     452     -0.5000000D+00     -0.6000000D+01      0.0000000D+00
     453     -0.9992000D-15     -0.6000000D+01      0.0000000D+00
     454      0.5000000D+00     -0.6000000D+01      0.0000000D+00
     455      0.1000000D+01     -0.6000000D+01      0.0000000D+00
     456      0.1500000D+01     -0.6000000D+01      0.0000000D+00
     457      0.2000000D+01     -0.6000000D+01      0.0000000D+00
     458      0.2500000D+01     -0.6000000D+01      0.0000000D+00
     459      0.3000000D+01     -0.6000000D+01      0.0000000D+00
     460      0.3500000D+01     -0.6000000D+01      0.0000000D+00
     461      0.4000000D+01     -0.6000000D+01      0.0000000D+00
     462      0.4500000D+01     -0.6000000D+01      0.0000000D+00
     463      0.5000000D+01     -0.6000000D+01      0.0000000D+00
     464      0.5500000D+01     -0.6000000D+01      0.0000000D+00
     465      0.6000000D+01     -0.6000000D+01      0.0000000D+00
     466      0.6500000D+01     -0.6000000D+01      0.0000000D+00
     467      0.7000000D+01     -0.6000000D+01      0.0000000D+00
     468      0.7500000D+01     -0.6000000D+01      0.0000000D+00
     469      0.8000000D+01     -0.6000000D+01      0.0000000D+00
     470      0.8500000D+01     -0.6000000D+01      0.0000000D+00
     471      0.9000000D+01     -0.6000000D+01      0.0000000D+00
     472      0.9500000D+01     -0.6000000D+01      0.0000000D+00
     473     -0.9500000D+01     -0.5500000D+01      0.0000000D+00
     474     -0.9000000D+01     -0.5500000D+01      0.0000000D+00
     475     -0.8500000D+01     -0.5500000D+01      0.0000000D+00
     476     -0.8000000D+01     -0.5500000D+01      0.0000000D+00
     477     -0.7500000D+01     -0.5500000D+01      0.0000000D+00
     478     -0.7000000D+01     -0.5500000D+01      0.0000000D+00
     479     -0.6500000D+01     -0.5500000D+01      0.0000000D+00
     480     -0.6000000D+01     -0.5500000D+01      0.0000000D+00
     481     -0.5500000D+01     -0.5500000D+01      0.0000000D+00
     482     -0.5000000D+01     -0.5500000D+01      0.0000000D+00
     483     -0.4500000D+01     -0.5500000D+01      0.0000000D+00
     484     -0.4000000D+01     -0.5500000D+01      0.0000000D+00
     485     -0.3500000D+01     -0.5500000D+01      0.0000000D+00
     486     -0.3000000D+01     -0.5500000D+01      0.0000000D+00
     487     -0.2500000D+01     -0.5500000D+01      0.0000000D+00
     488     -0.2000000D+01     -0.5500000D+01      0.0000000D+00
     489     -0.1500000D+01     -0.5500000D+01      0.0000000D+00
     490     -0.1000000D+01     -0.5500000D+01      0.0000000D+00
     491     -0.5000000D+00     -0.5500000D+01      0.0000000D+00
     492     -0.1554300D-14     -0.5500000D+01      0.0000000D+00
     493      0.5000000D+00     -0.5500000D+01      0.0000000D+00
     494      0.1000000D+01     -0.5500000D+01      0.0000000D+00
     495      0.1500000D+01     -0.5500000D+01      0.0000000D+00
     496      0.2000000D+01     -0.5500000D+01      0.0000000D+00
     497      0.2500000D+01     -0.5500000D+01      0.0000000D+00
     498      0.3000000D+01     -0.5500000D+01      0.0000000D+00
     499      0.3500000D+01     -0.5500000D+01      0.0000000D+00
     500      0.4000000D+01     -0.5500000D+01      0.0000000D+00
     501      0.4500000D+01     -0.5500000D+01      0.0000000D+00
     502      0.5000000D+01     -0.5500000D+01      0.0000000D+00
     503      0.5500000D+01     -0.5500000D+01      0.0000000D+00
     504      0.6000000D+01     -0.5500000D+01      0.0000000D+00
     505      0.6500000D+01     -0.5500000D+01      0.0000000D+00
     506      0.7000000D+01     -0.5500000D+01      0.0000000D+00
     507      0.7500000D+01     -0.5500000D+01      0.0000000D+00
     508      0.8000000D+01     -0.5500000D+01      0.0000000D+00
     509      0.8500000D+01     -0.5500000D+01      0.0000000D+00
     510      0.9000000D+01     -0.5500000D+01      0.0000000D+00
     511      0.9500000D+01     -0.5500000D+01      0.0000000D+00
     512     -0.9500000D+01     -0.5000000D+01      0.0000000D+00
     513     -0.9000000D+01     -0.5000000D+01      0.0000000D+00
     514     -0.8500000D+01     -0.5000000D+01      0.0000000D+00
     515     -0.8000000D+01     -0.5000000D+01      0.0000000D+00
     516     -0.7500000D+01     -0.5000000D+01      0.0000000D+00
     517     -0.7000000D+01     -0.5000000D+01      0.0000000D+00
     518     -0.6500000D+01     -0.5000000D+01      0.0000000D+00
     519     -0.6000000D+01     -0.5000000D+01      0.0000000D+00
     520     -0.5500000D+01     -0.5000000D+01      0.0000000D+00
     521     -0.5000000D+01     -0.5000000D+01      0.0000000D+00
     522     -0.4500000D+01     -0.5000000D+01      0.0000000D+00
     523     -0.4000000D+01     -0.5000000D+01      0.0000000D+00
     524     -0.3500000D+01     -0.5000000D+01      0.0000000D+00
     525     -0.3000000D+01     -0.5000000D+01      0.0000000D+00
     526     -0.2500000D+01     -0.5000000D+01      0.0000000D+00
     527     -0.2000000D+01     -0.5000000D+01      0.0000000D+00
     528     -0.1500000D+01     -0.5000000D+01      0.0000000D+00
     529     -0.1000000D+01     -0.5000000D+01      0.0000000D+00
     530     -0.5000000D+00     -0.5000000D+01      0.0000000D+00
     531      0.0000000D+00     -0.5000000D+01      0.0000000D+00
     532      0.5000000D+00     -0.5000000D+01      0.0000000D+00
     533      0.1000000D+01     -0.5000000D+01      0.0000000D+00
     534      0.1500000D+01     -0.5000000D+01      0.0000000D+00
     535      0.2000000D+01     -0.5000000D+01      0.0000000D+00
     536      0.2500000D+01     -0.5000000D+01      0.0000000D+00
     537      0.3000000D+01     -0.5000000D+01      0.0000000D+00
     538      0.3500000D+01     -0.5000000D+01      0.0000000D+00
     539      0.4000000D+01     -0.5000000D+01      0.0000000D+00
     540      0.4500000D+01     -0.5000000D+01      0.0000000D+00
     541      0.5000000D+01     -0.5000000D+01      0.0000000D+00
     542      0.5500000D+01     -0.5000000D+01      0.0000000D+00
     543      0.6000000D+01     -0.5000000D+01      0.0000000D+00
     544      0.6500000D+01     -0.5000000D+01      0.0000000D+00
     545      0.7000000D+01     -0.5000000D+01      0.0000000D+00
     546      0.7500000D+01     -0.5000000D+01      0.0000000D+00
     547      0.8000000D+01     -0.5000000D+01      0.0000000D+00
     548      0.8500000D+01     -0.5000000D+01      0.0000000D+00
     549      0.9000000D+01     -0.5000000D+01      0.0000000D+00
     550      0.9500000D+01     -0.5000000D+01      0.0000000D+00
     551     -0.9500000D+01     -0.4500000D+01      0.0000000D+00
     552     -0.9000000D+01     -0.4500000D+01      0.0000000D+00
     553     -0.8500000D+01     -0.4500000D+01      0.0000000D+00
     554     -0.8000000D+01     -0.4500000D+01      0.0000000D+00
     555     -0.7500000D+01     -0.4500000D+01      0.0000000D+00
     556     -0.7000000D+01     -0.4500000D+01      0.0000000D+00
     557     -0.6500000D+01     -0.4500000D+01      0.0000000D+00
     558     -0.6000000D+01     -0.4500000D+01      0.0000000D+00
     559     -0.5500000D+01     -0.4500000D+01      0.0000000D+00
     560     -0.5000000D+01     -0.4500000D+01      0.0000000D+00
     561     -0.4500000D+01     -0.4500000D+01      0.0000000D+00
     562     -0.4000000D+01     -0.4500000D+01      0.0000000D+00
     563     -0.3500000D+01     -0.4500000D+01      0.0000000D+00
     564     -0.3000000D+01     -0.4500000D+01      0.0000000D+00
     565     -0.2500000D+01     -0.4500000D+01      0.0000000D+00
     566     -0.2000000D+01     -0.4500000D+01      0.0000000D+00
     567     -0.1500000D+01     -0.4500000D+01      0.0000000D+00
     568     -0.1000000D+01     -0.4500000D+01      0.0000000D+00
     569     -0.5000000D+00     -0.4500000D+01      0.0000000D+00
     570      0.0000000D+00     -0.4500000D+01      0.0000000D+00
     571      0.5000000D+00     -0.4500000D+01      0.0000000D+00
     572      0.1000000D+01     -0.4500000D+01      0.0000000D+00
     573      0.1500000D+01     -0.4500000D+01      0.0000000D+00
     574      0.2000000D+01     -0.4500000D+01      0.0000000D+00
     575      0.2500000D+01     -0.4500000D+01      0.0000000D+00
     576      0.3000000D+01     -0.4500000D+01      0.0000000D+00
     577      0.3500000D+01     -0.4500000D+01      0.0000000D+00
     578      0.4000000D+01     -0.4500000D+01      0.0000000D+00
     579      0.4500000D+01     -0.4500000D+01      0.0000000D+00
     580      0.5000000D+01     -0.4500000D+01      0.0000000D+00
     581      0.5500000D+01     -0.4500000D+01      0.0000000D+00
     582      0.6000000D+01     -0.4500000D+01      0.0000000D+00
     583      0.6500000D+01     -0.4500000D+01      0.0000000D+00
     584      0.7000000D+01     -0.4500000D+01      0.0000000D+00
     585      0.7500000D+01     -0.4500000D+01      0.0000000D+00
     586      0.8000000D+01     -0.4500000D+01      0.0000000D+00
     587      0.8500000D+01     -0.4500000D+01      0.0000000D+00
     588      0.9000000D+01     -0.4500000D+01      0.0000000D+00
     589      0.9500000D+01     -0.4500000D+01      0.0000000D+00
     590     -0.9500000D+01     -0.4000000D+01      0.0000000D+00
     591     -0.9000000D+01     -0.4000000D+01      0.0000000D+00
     592     -0.8500000D+01     -0.4000000D+01      0.0000000D+00
     593     -0.8000000D+01     -0.4000000D+01      0.0000000D+00
     594     -0.7500000D+01     -0.4000000D+01      0.0000000D+00
     595     -0.7000000D+01     -0.4000000D+01      0.0000000D+00
     596     -0.6500000D+01     -0.4000000D+01      0.0000000D+00
     597     -0.6000000D+01     -0.4000000D+01      0.0000000D+00
     598     -0.5500000D+01     -0.4000000D+01      0.0000000D+00
     599     -0.5000000D+01     -0.4000000D+01      0.0000000D+00
     600     -0.4500000D+01     -0.4000000D+01      0.0000000D+00
     601     -0.4000000D+01     -0.4000000D+01      0.0000000D+00
     602     -0.3500000D+01     -0.4000000D+01      0.0000000D+00
     603     -0.3000000D+01     -0.4000000D+01      0.0000000D+00
     604     -0.2500000D+01     -0.4000000D+01      0.0000000D+00
     605     -0.2000000D+01     -0.4000000D+01      0.0000000D+00
     606     -0.1500000D+01     -0.4000000D+01      0.0000000D+00
     607     -0.1000000D+01     -0.4000000D+01      0.0000000D+00
     608     -0.5000000D+00     -0.4000000D+01      0.0000000D+00
     609      0.0000000D+00     -0.4000000D+01      0.0000000D+00
     610      0.5000000D+00     -0.4000000D+01      0.0000000D+00
     611      0.1000000D+01     -0.4000000D+01      0.0000000D+00
     612      0.1500000D+01     -0.4000000D+01      0.0000000D+00
     613      0.2000000D+01     -0.4000000D+01      0.0000000D+00
     614      0.2500000D+01     -0.4000000D+01      0.0000000D+00
     615      0.3000000D+01     -0.4000000D+01      0.0000000D+00
     616      0.3500000D+01     -0.4000000D+01      0.0000000D+00
     617      0.4000000D+01     -0.4000000D+01      0.0000000D+00
     618      0.4500000D+01     -0.4000000D+01      0.0000000D+00
     619      0.5000000D+01     -0.4000000D+01      0.0000000D+00
     620      0.5500000D+01     -0.4000000D+01      0.0000000D+00
     621      0.6000000D+01     -0.4000000D+01      0.0000000D+00
     622      0.6500000D+01     -0.4000000D+01      0.0000000D+00
     623      0.7000000D+01     -0.4000000D+01      0.0000000D+00
     624      0.7500000D+01     -0.4000000D+01      0.0000000D+00
     625      0.8000000D+01     -0.4000000D+01      0.0000000D+00
     626      0.8500000D+01     -0.4000000D+01      0.0000000D+00
     627      0.9000000D+01     -0.4000000D+01      0.0000000D+00
     628      0.9500000D+01     -0.4000000D+01      0.0000000D+00
     629     -0.9500000D+01     -0.3500000D+01      0.0000000D+00
     630     -0.9000000D+01     -0.3500000D+01      0.0000000D+00
     631     -0.8500000D+01     -0.3500000D+01      0.0000000D+00
     632     -0.8000000D+01     -0.3500000D+01      0.0000000D+00
     633     -0.7500000D+01     -0.3500000D+01      0.0000000D+00
     634     -0.7000000D+01     -0.3500000D+01      0.0000000D+00
     635     -0.6500000D+01     -0.3500000D+01      0.0000000D+00
     636     -0.6000000D+01     -0.3500000D+01      0.0000000D+00
     637     -0.5500000D+01     -0.3500000D+01      0.0000000D+00
     638     -0.5000000D+01     -0.3500000D+01      0.0000000D+00
     639     -0.4500000D+01     -0.3500000D+01      0.0000000D+00
     640     -0.4000000D+01     -0.3500000D+01      0.0000000D+00
     641     -0.3500000D+01     -0.3500000D+01      0.0000000D+00
     642     -0.3000000D+01     -0.3500000D+01      0.0000000D+00
     643     -0.2500000D+01     -0.3500000D+01      0.0000000D+00
     644     -0.2000000D+01     -0.3500000D+01      0.0000000D+00
     645     -0.1500000D+01     -0.3500000D+01      0.0000000D+00
     646     -0.1000000D+01     -0.3500000D+01      0.0000000D+00
     647     -0.5000000D+00     -0.3500000D+01      0.0000000D+00
     648      0.0000000D+00     -0.3500000D+01      0.0000000D+00
     649      0.5000000D+00     -0.3500000D+01      0.0000000D+00
     650      0.1000000D+01     -0.3500000D+01      0.0000000D+00
     651      0.1500000D+01     -0.3500000D+01      0.0000000D+00
     652      0.2000000D+01     -0.3500000D+01      0.0000000D+00
     653      0.2500000D+01     -0.3500000D+01      0.0000000D+00
     654      0.3000000D+01     -0.3500000D+01      0.0000000D+00
     655      0.3500000D+01     -0.3500000D+01      0.0000000D+00
     656      0.4000000D+01     -0.3500000D+01      0.0000000D+00
     657      0.4500000D+01     -0.3500000D+01      0.0000000D+00
     658      0.5000000D+01     -0.3500000D+01      0.0000000D+00
     659      0.5500000D+01     -0.3500000D+01      0.0000000D+00
     660      0.6000000D+01     -0.3500000D+01      0.0000000D+00
     661      0.6500000D+01     -0.3500000D+01      0.0000000D+00
     662      0.7000000D+01     -0.3500000D+01      0.0000000D+00
     663      0.7500000D+01     -0.3500000D+01      0.0000000D+00
     664      0.8000000D+01     -0.3500000D+01      0.0000000D+00
     665      0.8500000D+01     -0.3500000D+01      0.0000000D+00
     666      0.9000000D+01     -0.3500000D+01      0.0000000D+00
     667      0.9500000D+01     -0.3500000D+01      0.0000000D+00
     668     -0.9500000D+01     -0.3000000D+01      0.0000000D+00
     669     -0.9000000D+01     -0.3000000D+01      0.0000000D+00
     670     -0.8500000D+01     -0.3000000D+01      0.0000000D+00
     671     -0.8000000D+01     -0.3000000D+01      0.0000000D+00
     672     -0.7500000D+01     -0.3000000D+01      0.0000000D+00
     673     -0.7000000D+01     -0.3000000D+01      0.0000000D+00
     674     -0.6500000D+01     -0.3000000D+01      0.0000000D+00
     675     -0.6000000D+01     -0.3000000D+01      0.0000000D+00
     676     -0.5500000D+01     -0.3000000D+01      0.0000000D+00
     677     -0.5000000D+01     -0.3000000D+01      0.0000000D+00
     678     -0.4500000D+01     -0.3000000D+01      0.0000000D+00
     679     -0.4000000D+01     -0.3000000D+01      0.0000000D+00
     680     -0.3500000D+01     -0.3000000D+01      0.0000000D+00
     681     -0.3000000D+01     -0.3000000D+01      0.0000000D+00
     682     -0.2500000D+01     -0.3000000D+01      0.0000000D+00
     683     -0.2000000D+01     -0.3000000D+01      0.0000000D+00
     684     -0.1500000D+01     -0.3000000D+01      0.0000000D+00
     685     -0.1000000D+01     -0.3000000D+01      0.0000000D+00
     686     -0.5000000D+00     -0.3000000D+01      0.0000000D+00
     687     -0.4440900D-15     -0.3000000D+01      0.0000000D+00
     688      0.5000000D+00     -0.3000000D+01      0.0000000D+00
     689      0.1000000D+01     -0.3000000D+01      0.0000000D+00
     690      0.1500000D+01     -0.3000000D+01      0.0000000D+00
     691      0.2000000D+01     -0.3000000D+01      0.0000000D+00
     692      0.2500000D+01     -0.3000000D+01      0.0000000D+00
     693      0.3000000D+01     -0.3000000D+01      0.0000000D+00
     694      0.3500000D+01     -0.3000000D+01      0.0000000D+00
     695      0.4000000D+01     -0.3000000D+01      0.0000000D+00
     696      0.4500000D+01     -0.3000000D+01      0.0000000D+00
     697      0.5000000D+01     -0.3000000D+01      0.0000000D+00
     698      0.5500000D+01     -0.3000000D+01      0.0000000D+00
     699      0.6000000D+01     -0.3000000D+01      0.0000000D+00
     700      0.6500000D+01     -0.3000000D+01      0.0000000D+00
     701      0.7000000D+01     -0.3000000D+01      0.0000000D+00
     702      0.7500000D+01     -0.3000000D+01      0.0000000D+00
     703      0.8000000D+01     -0.3000000D+01      0.0000000D+00
     704      0.8500000D+01     -0.3000000D+01      0.0000000D+00
     705      0.9000000D+01     -0.3000000D+01      0.0000000D+00
     706      0.9500000D+01     -0.3000000D+01      0.0000000D+00
     707     -0.9500000D+01     -0.2500000D+01      0.0000000D+00
     708     -0.9000000D+01     -0.2500000D+01      0.0000000D+00
     709     -0.8500000D+01     -0.2500000D+01      0.0000000D+00
     710     -0.8000000D+01     -0.2500000D+01      0.0000000D+00
     711     -0.7500000D+01     -0.2500000D+01      0.0000000D+00
     712     -0.7000000D+01     -0.2500000D+01      0.0000000D+00
     713     -0.6500000D+01     -0.2500000D+01      0.0000000D+00
     714     -0.6000000D+01     -0.2500000D+01      0.0000000D+00
     715     -0.5500000D+01     -0.2500000D+01      0.0000000D+00
     716     -0.5000000D+01     -0.2500000D+01      0.0000000D+00
     717     -0.4500000D+01     -0.2500000D+01      0.0000000D+00
     718     -0.4000000D+01     -0.2500000D+01      0.0000000D+00
     719     -0.3500000D+01     -0.2500000D+01      0.0000000D+00
     720     -0.3000000D+01     -0.2500000D+01      0.0000000D+00
     721     -0.2500000D+01     -0.2500000D+01      0.0000000D+00
     722     -0.2000000D+01     -0.2500000D+01      0.0000000D+00
     723     -0.1500000D+01     -0.2500000D+01      0.0000000D+00
     724     -0.1000000D+01     -0.2500000D+01      0.0000000D+00
     725     -0.5000000D+00     -0.2500000D+01      0.0000000D+00
     726     -0.1776400D-14     -0.2500000D+01      0.0000000D+00
     727      0.5000000D+00     -0.2500000D+01      0.0000000D+00
     728      0.1000000D+01     -0.2500000D+01      0.0000000D+00
     729      0.1500000D+01     -0.2500000D+01      0.0000000D+00
     730      0.2000000D+01     -0.2500000D+01      0.0000000D+00
     731      0.2500000D+01     -0.2500000D+01      0.0000000D+00
     732      0.3000000D+01     -0.2500000D+01      0.0000000D+00
     733      0.3500000D+01     -0.2500000D+01      0.0000000D+00
     734      0.4000000D+01     -0.2500000D+01      0.0000000D+00
     735      0.4500000D+01     -0.2500000D+01      0.0000000D+00
     736      0.5000000D+01     -0.2500000D+01      0.0000000D+00
     737      0.5500000D+01     -0.2500000D+01      0.0000000D+00
     738      0.6000000D+01     -0.2500000D+01      0.0000000D+00
     739      0.6500000D+01     -0.2500000D+01      0.0000000D+00
     740      0.7000000D+01     -0.2500000D+01      0.0000000D+00
     741      0.7500000D+01     -0.2500000D+01      0.0000000D+00
     742      0.8000000D+01     -0.2500000D+01      0.0000000D+00
     743      0.8500000D+01     -0.2500000D+01      0.0000000D+00
     744      0.9000000D+01     -0.2500000D+01      0.0000000D+00
     745      0.9500000D+01     -0.2500000D+01      0.0000000D+00
     746     -0.9500000D+01     -0.2000000D+01      0.0000000D+00
     747     -0.9000000D+01     -0.2000000D+01      0.0000000D+00
     748     -0.8500000D+01     -0.2000000D+01      0.0000000D+00
     749     -0.8000000D+01     -0.2000000D+01      0.0000000D+00
     750     -0.7500000D+01     -0.2000000D+01      0.0000000D+00
     751     -0.7000000D+01     -0.2000000D+01      0.0000000D+00
     752     -0.6500000D+01     -0.2000000D+01      0.0000000D+00
     753     -0.6000000D+01     -0.2000000D+01      0.0000000D+00
     754     -0.5500000D+01     -0.2000000D+01      0.0000000D+00
     755     -0.5000000D+01     -0.2000000D+01      0.0000000D+00
     756     -0.4500000D+01     -0.2000000D+01      0.0000000D+00
     757     -0.4000000D+01     -0.2000000D+01      0.0000000D+00
     758     -0.3500000D+01     -0.2000000D+01      0.0000000D+00
     759     -0.3000000D+01     -0.2000000D+01      0.0000000D+00
     760     -0.2500000D+01     -0.2000000D+01      0.0000000D+00
     761     -0.2000000D+01     -0.2000000D+01      0.0000000D+00
     762     -0.1500000D+01     -0.2000000D+01      0.0000000D+00
     763     -0.1000000D+01     -0.2000000D+01      0.0000000D+00
     764     -0.5000000D+00     -0.2000000D+01      0.0000000D+00
     765      0.0000000D+00     -0.2000000D+01      0.0000000D+00
     766      0.5000000D+00     -0.2000000D+01      0.0000000D+00
     767      0.1000000D+01     -0.2000000D+01      0.0000000D+00
     768      0.1500000D+01     -0.2000000D+01      0.0000000D+00
     769      0.2000000D+01     -0.2000000D+01      0.0000000D+00
     770      0.2500000D+01     -0.2000000D+01      0.0000000D+00
     771      0.3000000D+01     -0.2000000D+01      0.0000000D+00
     772      0.3500000D+01     -0.2000000D+01      0.0000000D+00
     773      0.4000000D+01     -0.2000000D+01      0.0000000D+00
     774      0.4500000D+01     -0.2000000D+01      0.0000000D+00
     775      0.5000000D+01     -0.2000000D+01      0.0000000D+00
     776      0.5500000D+01     -0.2000000D+01      0.0000000D+00
     777      0.6000000D+01     -0.2000000D+01      0.0000000D+00
     778      0.6500000D+01     -0.2000000D+01      0.0000000D+00
     779      0.7000000D+01     -0.2000000D+01      0.0000000D+00
     780      0.7500000D+01     -0.2000000D+01      0.0000000D+00
     781      0.8000000D+01     -0.2000000D+01      0.0000000D+00
     782      0.8500000D+01     -0.2000000D+01      0.0000000D+00
     783      0.9000000D+01     -0.2000000D+01      0.0000000D+00
     784      0.9500000D+01     -0.2000000D+01      0.0000000D+00
     785     -0.9500000D+01     -0.1500000D+01      0.0000000D+00
     786     -0.9000000D+01     -0.1500000D+01      0.0000000D+00
     787     -0.8500000D+01     -0.1500000D+01      0.0000000D+00
     788     -0.8000000D+01     -0.1500000D+01      0.0000000D+00
     789     -0.7500000D+01     -0.1500000D+01      0.0000000D+00
     790     -0.7000000D+01     -0.1500000D+01      0.0000000D+00
     791     -0.6500000D+01     -0.1500000D+01      0.0000000D+00
     792     -0.6000000D+01     -0.1500000D+01      0.0000000D+00
     793     -0.5500000D+01     -0.1500000D+01      0.0000000D+00
     794     -0.5000000D+01     -0.1500000D+01      0.0000000D+00
     795     -0.4500000D+01     -0.1500000D+01      0.0000000D+00
     796     -0.4000000D+01     -0.1500000D+01      0.0000000D+00
     797     -0.3500000D+01     -0.1500000D+01      0.0000000D+00
     798     -0.3000000D+01     -0.1500000D+01      0.0000000D+00
     799     -0.2500000D+01     -0.1500000D+01      0.0000000D+00
     800     -0.2000000D+01     -0.1500000D+01      0.0000000D+00
     801     -0.1500000D+01     -0.1500000D+01      0.0000000D+00
     802     -0.1000000D+01     -0.1500000D+01      0.0000000D+00
     803     -0.5000000D+00     -0.1500000D+01      0.0000000D+00
     804      0.0000000D+00     -0.1500000D+01      0.0000000D+00
     805      0.5000000D+00     -0.1500000D+01      0.0000000D+00
     806      0.1000000D+01     -0.1500000D+01      0.0000000D+00
     807      0.1500000D+01     -0.1500000D+01      0.0000000D+00
     808      0.2000000D+01     -0.1500000D+01      0.0000000D+00
     809      0.2500000D+01     -0.1500000D+01      0.0000000D+00
     810      0.3000000D+01     -0.1500000D+01      0.0000000D+00
     811      0.3500000D+01     -0.1500000D+01      0.0000000D+00
     812      0.4000000D+01     -0.1500000D+01      0.0000000D+00
     813      0.4500000D+01     -0.1500000D+01      0.0000000D+00
     814      0.5000000D+01     -0.1500000D+01      0.0000000D+00
     815      0.5500000D+01     -0.1500000D+01      0.0000000D+00
     816      0.6000000D+01     -0.1500000D+01      0.0000000D+00
     817      0.6500000D+01     -0.1500000D+01      0.0000000D+00
     818      0.7000000D+01     -0.1500000D+01      0.0000000D+00
     819      0.7500000D+01     -0.1500000D+01      0.0000000D+00
     820      0.8000000D+01     -0.1500000D+01      0.0000000D+00
     821      0.8500000D+01     -0.1500000D+01      0.0000000D+00
     822      0.9000000D+01     -0.1500000D+01      0.0000000D+00
     823      0.9500000D+01     -0.1500000D+01      0.0000000D+00
     824     -0.9500000D+01     -0.1000000D+01      0.0000000D+00
     825     -0.9000000D+01     -0.1000000D+01      0.0000000D+00
     826     -0.8500000D+01     -0.1000000D+01      0.0000000D+00
     827     -0.8000000D+01     -0.1000000D+01      0.0000000D+00
     828     -0.7500000D+01     -0.1000000D+01      0.0000000D+00
     829     -0.7000000D+01     -0.1000000D+01      0.0000000D+00
     830     -0.6500000D+01     -0.1000000D+01      0.0000000D+00
     831     -0.6000000D+01     -0.1000000D+01      0.0000000D+00
     832     -0.5500000D+01     -0.1000000D+01      0.0000000D+00
     833     -0.5000000D+01     -0.1000000D+01      0.0000000D+00
     834     -0.4500000D+01     -0.1000000D+01      0.0000000D+00
     835     -0.4000000D+01     -0.1000000D+01      0.0000000D+00
     836     -0.3500000D+01     -0.1000000D+01      0.0000000D+00
     837     -0.3000000D+01     -0.1000000D+01      0.0000000D+00
     838     -0.2500000D+01     -0.1000000D+01      0.0000000D+00
     839     -0.2000000D+01     -0.1000000D+01      0.0000000D+00
     840     -0.1500000D+01     -0.1000000D+01      0.0000000D+00
     841     -0.1000000D+01     -0.1000000D+01      0.0000000D+00
     842     -0.5000000D+00     -0.1000000D+01      0.0000000D+00
     843      0.0000000D+00     -0.1000000D+01      0.0000000D+00
     844      0.5000000D+00     -0.1000000D+01      0.0000000D+00
     845      0.1000000D+01     -0.1000000D+01      0.0000000D+00
     846      0.1500000D+01     -0.1000000D+01      0.0000000D+00
     847      0.2000000D+01     -0.1000000D+01      0.0000000D+00
     848      0.2500000D+01     -0.1000000D+01      0.0000000D+00
     849      0.3000000D+01     -0.1000000D+01      0.0000000D+00
     850      0.3500000D+01     -0.1000000D+01      0.0000000D+00
     851      0.4000000D+01     -0.1000000D+01      0.0000000D+00
     852      0.4500000D+01     -0.1000000D+01      0.0000000D+00
     853      0.5000000D+01     -0.1000000D+01      0.0000000D+00
     854      0.5500000D+01     -0.1000000D+01      0.0000000D+00
     855      0.6000000D+01     -0.1000000D+01      0.0000000D+00
     856      0.6500000D+01     -0.1000000D+01      0.0000000D+00
     857      0.7000000D+01     -0.1000000D+01      0.0000000D+00
     858      0.7500000D+01     -0.1000000D+01      0.0000000D+00
     859      0.8000000D+01     -0.1000000D+01      0.0000000D+00
     860      0.8500000D+01     -0.1000000D+01      0.0000000D+00
     861      0.9000000D+01     -0.1000000D+01      0.0000000D+00
     862      0.9500000D+01     -0.1000000D+01      0.0000000D+00
     863     -0.9500000D+01     -0.5000000D+00      0.0000000D+00
     864     -0.9000000D+01     -0.5000000D+00      0.0000000D+00
     865     -0.8500000D+01     -0.5000000D+00      0.0000000D+00
     866     -0.8000000D+01     -0.5000000D+00      0.0000000D+00
     867     -0.7500000D+01     -0.5000000D+00      0.0000000D+00
     868     -0.7000000D+01     -0.5000000D+00      0.0000000D+00
     869     -0.6500000D+01     -0.5000000D+00      0.0000000D+00
     870     -0.6000000D+01     -0.5000000D+00      0.0000000D+00
     871     -0.5500000D+01     -0.5000000D+00      0.0000000D+00
     872     -0.5000000D+01     -0.5000000D+00      0.0000000D+00
     873     -0.4500000D+01     -0.5000000D+00      0.0000000D+00
     874     -0.4000000D+01     -0.5000000D+00      0.0000000D+00
     875     -0.3500000D+01     -0.5000000D+00      0.0000000D+00
     876     -0.3000000D+01     -0.5000000D+00      0.0000000D+00
     877     -0.2500000D+01     -0.5000000D+00      0.0000000D+00
     878     -0.2000000D+01     -0.5000000D+00      0.0000000D+00
     879     -0.1500000D+01     -0.5000000D+00      0.0000000D+00
     880     -0.1000000D+01     -0.5000000D+00      0.0000000D+00
     881     -0.5000000D+00     -0.5000000D+00      0.0000000D+00
     882     -0.4440900D-15     -0.5000000D+00      0.0000000D+00
     883      0.5000000D+00     -0.5000000D+00      0.0000000D+00
     884      0.1000000D+01     -0.5000000D+00      0.0000000D+00
     885      0.1500000D+01     -0.5000000D+00      0.0000000D+00
     886      0.2000000D+01     -0.5000000D+00      0.0000000D+00
     887      0.2500000D+01     -0.5000000D+00      0.0000000D+00
     888      0.3000000D+01     -0.5000000D+00      0.0000000D+00
     889      0.3500000D+01     -0.5000000D+00      0.0000000D+00
     890      0.4000000D+01     -0.5000000D+00      0.0000000D+00
     891      0.4500000D+01     -0.5000000D+00      0.0000000D+00
     892      0.5000000D+01     -0.5000000D+00      0.0000000D+00
     893      0.5500000D+01     -0.5000000D+00      0.0000000D+00
     894      0.6000000D+01     -0.5000000D+00      0.0000000D+00
     895      0.6500000D+01     -0.5000000D+00      0.0000000D+00
     896      0.7000000D+01     -0.5000000D+00      0.0000000D+00
     897      0.7500000D+01     -0.5000000D+00      0.0000000D+00
     898      0.8000000D+01     -0.5000000D+00      0.0000000D+00
     899      0.8500000D+01     -0.5000000D+00      0.0000000D+00
     900      0.9000000D+01     -0.5000000D+00      0.0000000D+00
     901      0.9500000D+01     -0.5000000D+00      0.0000000D+00
     902     -0.9500000D+01      0.8187900D-15      0.0000000D+00
     903     -0.9000000D+01      0.7216400D-15      0.0000000D+00
     904     -0.8500000D+01      0.7771600D-15      0.0000000D+00
     905     -0.8000000D+01      0.1498800D-14      0.0000000D+00
     906     -0.7500000D+01      0.1554300D-14      0.0000000D+00
     907     -0.7000000D+01      0.1554300D-14      0.0000000D+00
     908     -0.6500000D+01      0.1554300D-14      0.0000000D+00
     909     -0.6000000D+01      0.1110200D-14      0.0000000D+00
     910     -0.5500000D+01      0.6661300D-15      0.0000000D+00
     911     -0.5000000D+01      0.6661300D-15      0.0000000D+00
     912     -0.4500000D+01     -0.8881800D-15      0.0000000D+00
     913     -0.4000000D+01     -0.8881800D-15      0.0000000D+00
     914     -0.3500000D+01     -0.8881800D-15      0.0000000D+00
     915     -0.3000000D+01     -0.8881800D-15      0.0000000D+00
     916     -0.2500000D+01     -0.8881800D-15      0.0000000D+00
     917     -0.2000000D+01     -0.8881800D-15      0.0000000D+00
     918     -0.1500000D+01     -0.8881800D-15      0.0000000D+00
     919     -0.1000000D+01     -0.8881800D-15      0.0000000D+00
     920     -0.5000000D+00     -0.8881800D-15      0.0000000D+00
     921      0.0000000D+00     -0.8881800D-15      0.0000000D+00
     922      0.5000000D+00     -0.8881800D-15      0.0000000D+00
     923      0.1000000D+01     -0.8881800D-15      0.0000000D+00
     924      0.1500000D+01     -0.8881800D-15      0.0000000D+00
     925      0.2000000D+01     -0.8881800D-15      0.0000000D+00
     926      0.2500000D+01     -0.8881800D-15      0.0000000D+00
     927      0.3000000D+01     -0.8881800D-15      0.0000000D+00
     928      0.3500000D+01     -0.8881800D-15      0.0000000D+00
     929      0.4000000D+01     -0.8881800D-15      0.0000000D+00
     930      0.4500000D+01     -0.8881800D-15      0.0000000D+00
     931      0.5000000D+01     -0.8881800D-15      0.0000000D+00
     932      0.5500000D+01     -0.8881800D-15      0.0000000D+00
     933      0.6000000D+01     -0.8881800D-15      0.0000000D+00
     934      0.6500000D+01     -0.1776400D-14      0.0000000D+00
     935      0.7000000D+01     -0.1776400D-14      0.0000000D+00
     936      0.7500000D+01     -0.2664500D-14      0.0000000D+00
     937      0.8000000D+01     -0.1776400D-14      0.0000000D+00
     938      0.8500000D+01     -0.1776400D-14      0.0000000D+00
     939      0.9000000D+01     -0.1776400D-14      0.0000000D+00
     940      0.9500000D+01     -0.1776400D-14      0.0000000D+00
     941     -0.9500000D+01      0.5000000D+00      0.0000000D+00
     942     -0.9000000D+01      0.5000000D+00      0.0000000D+00
     943     -0.8500000D+01      0.5000000D+00      0.0000000D+00
     944     -0.8000000D+01      0.5000000D+00      0.0000000D+00
     945     -0.7500000D+01      0.5000000D+00      0.0000000D+00
     946     -0.7000000D+01      0.5000000D+00      0.0000000D+00
     947     -0.6500000D+01      0.5000000D+00      0.0000000D+00
     948     -0.6000000D+01      0.5000000D+00      0.0000000D+00
     949     -0.5500000D+01      0.5000000D+00      0.0000000D+00
     950     -0.5000000D+01      0.5000000D+00      0.0000000D+00
     951     -0.4500000D+01      0.5000000D+00      0.0000000D+00
     952     -0.4000000D+01      0.5000000D+00      0.0000000D+00
     953     -0.3500000D+01      0.5000000D+00      0.0000000D+00
     954     -0.3000000D+01      0.5000000D+00      0.0000000D+00
     955     -0.2500000D+01      0.5000000D+00      0.0000000D+00
     956     -0.2000000D+01      0.5000000D+00      0.0000000D+00
     957     -0.1500000D+01      0.5000000D+00      0.0000000D+00
     958     -0.1000000D+01      0.5000000D+00      0.0000000D+00
     959     -0.5000000D+00      0.5000000D+00      0.0000000D+00
     960      0.0000000D+00      0.5000000D+00      0.0000000D+00
     961      0.5000000D+00      0.5000000D+00      0.0000000D+00
     962      0.1000000D+01      0.5000000D+00      0.0000000D+00
     963      0.1500000D+01      0.5000000D+00      0.0000000D+00
     964      0.2000000D+01      0.5000000D+00      0.0000000D+00
     965      0.2500000D+01      0.5000000D+00      0.0000000D+00
     966      0.3000000D+01      0.5000000D+00      0.0000000D+00
     967      0.3500000D+01      0.5000000D+00      0.0000000D+00
     968      0.4000000D+01      0.5000000D+00      0.0000000D+00
     969      0.4500000D+01      0.5000000D+00      0.0000000D+00
     970      0.5000000D+01      0.5000000D+00      0.0000000D+00
     971      0.5500000D+01      0.5000000D+00      0.0000000D+00
     972      0.6000000D+01      0.5000000D+00      0.0000000D+00
     973      0.6500000D+01      0.5000000D+00      0.0000000D+00
     974      0.7000000D+01      0.5000000D+00      0.0000000D+00
     975      0.7500000D+01      0.5000000D+00      0.0000000D+00
     976      0.8000000D+01      0.5000000D+00      0.0000000D+00
     977      0.8500000D+01      0.5000000D+00      0.0000000D+00
     978      0.9000000D+01      0.5000000D+00      0.0000000D+00
     979      0.9500000D+01      0.5000000D+00      0.0000000D